0.257878335	0.0	0.575657894736842	0.09769238424287831	-0.693147180559738	3.520932426117454e-13	-0.6931471805599452	2.482534153247273e-16	3347.528542593366	566.2646405514239
0.263674096	0.0	0.7894736842105263	0.0	-0.4608986901531118	0.0315930994658394	-0.20713313686304688	0.04827999089871608	300.1713321980019	23.52785175723183
0.26896842400000004	0.0	0.7828947368421053	0.027912109783679435	-0.45124860636098113	0.028596929970592492	-0.20953652001608028	0.048587997445806566	361.5151699355454	22.595949353279916
0.27565137100000003	0.0	0.7960526315789473	0.009304036594559787	-0.4397436200774264	0.029342937915696626	-0.2204671438070321	0.03738333713873913	375.68946854421154	60.39378712934124
0.28071613700000003	0.0	0.8026315789473684	0.0	-0.4354030764924378	0.03169781997448535	-0.22732077750293572	0.03527562925694521	384.8623658803583	0.7858480706568245
0.285761433	0.0	0.8026315789473684	0.0	-0.43041624541915535	0.032134373077191906	-0.22480172414003935	0.04180535342690579	388.77116226590493	8.68203415336483
0.292612512	0.0	0.8026315789473684	0.0	-0.42634492566585724	0.03791747454071441	-0.22772335567952057	0.054040064631521896	304.0267279057624	31.82256039749037
0.29922839	0.0	0.8092105263157894	0.009304036594559865	-0.42130078775944446	0.04286621618692248	-0.22729548504993555	0.05571743457181259	377.18786326780537	7.098571390546353
0.304324635	0.0	0.8157894736842105	0.01860807318911973	-0.4172232740713899	0.04504857305243078	-0.21710243389198966	0.046365529972600926	354.33206237619584	29.43682292298428
0.309538556	0.0	0.8092105263157895	0.027912109783679515	-0.41683716769355394	0.04639556709649281	-0.22191130755162808	0.05505393864723125	357.8066235636552	22.55231864628001
0.317050251	0.0	0.8157894736842105	0.0372161463782393	-0.41205898224269466	0.04745285248662842	-0.22334166967999983	0.055057589588851895	357.64478015751536	6.051357382772403
0.322329544	0.0	0.8223684210526316	0.04652018297279917	-0.4100504777835843	0.04964564682768112	-0.22513428240609823	0.0549669120437704	349.2077943858277	15.798704625571547
0.327483238	0.0	0.8223684210526316	0.04652018297279917	-0.40925806028250267	0.051595598140559286	-0.22985058355407864	0.06723811279137763	367.10494689761947	20.954454572812363
0.333459985	0.0	0.8223684210526316	0.04652018297279917	-0.4089905799340915	0.05016602652780493	-0.22966105832497757	0.054328197079016156	366.21960761854285	34.97871930145107
0.340146936	0.0	0.8092105263157895	0.027912109783679515	-0.4085256009139174	0.04895256879921889	-0.229881971244877	0.049454873359373056	361.7016968215984	3.2598656291805352
0.345414859	0.0	0.8289473684210527	0.03721614637823938	-0.40853056056867726	0.05006880443741094	-0.23641282181838313	0.054530205133737665	395.7150774363809	34.98565849880482
0.350529009	0.0	0.8289473684210527	0.05582421956735903	-0.4072455059597663	0.04814103219881555	-0.24171145741189562	0.053980551258150045	341.5879516920564	17.002860423449
0.357674366	0.0	0.8355263157894737	0.046520182972799244	-0.40480964058854435	0.048141926515576056	-0.2402641325920984	0.046543907501103154	349.741156149316	11.897135946002171
0.36466528600000003	0.0	0.8355263157894737	0.046520182972799244	-0.40431452993580297	0.04825993354186121	-0.24545903647958323	0.05327115622448086	379.79426778575913	76.22541656781961
0.36977886000000004	0.0	0.8289473684210527	0.05582421956735903	-0.4029524908253589	0.048586315231737044	-0.24147469222495258	0.05669368271742619	363.1980429055984	1.0447195655699912
0.37482674000000005	0.0	0.8289473684210527	0.05582421956735903	-0.40183900096757214	0.04842936886906876	-0.241079903070045	0.0580433394392327	377.2373826222213	22.53153439837941
0.382271454	0.0	0.8289473684210527	0.05582421956735903	-0.4025178463428626	0.0476395473739531	-0.24210821270970342	0.058556488547279656	363.2298192908601	2.6022997297499493
0.388861502	0.0	0.8289473684210527	0.05582421956735903	-0.4025393175809119	0.04568615002275031	-0.24347816991783588	0.05757155098390674	358.3365448924046	8.13367489377232
0.39393320400000004	0.0	0.8289473684210527	0.05582421956735903	-0.4030871541948876	0.042925121046996764	-0.2421930355423188	0.0621875215152574	368.4861589610102	48.805920776745424
0.399053445	0.0	0.8289473684210527	0.05582421956735903	-0.39948112380548906	0.04432061364313833	-0.24157874187776657	0.05677995194581107	327.13860596358904	56.14551892126442
0.40583995	0.0	0.8289473684210527	0.05582421956735903	-0.4000912000592891	0.0433110114049499	-0.24189485604194366	0.05573850183278883	347.3933146021852	25.582481371561798
0.41163686000000005	0.0	0.8289473684210527	0.05582421956735903	-0.3987099869262801	0.044430959617079345	-0.24541429527031375	0.05393534177306907	340.0258329190723	7.442576299138133
0.41764460200000003	0.0	0.8289473684210527	0.05582421956735903	-0.3989813153278312	0.04392330362368287	-0.24072843492001422	0.06379428087939013	383.4970081801419	68.57776736916249
0.42361427700000004	0.0	0.8289473684210527	0.05582421956735903	-0.39975559976568553	0.042621787369136355	-0.2414267427032017	0.0630560240619211	352.53035297611393	6.514257697010534
0.430402681	0.0	0.8223684210526316	0.04652018297279917	-0.4006268696659576	0.04031228203468184	-0.236787492245709	0.07123004028141189	352.7029028771982	9.06843431339116
0.435482586	0.0	0.8223684210526316	0.04652018297279917	-0.40042844380170234	0.04173810957120026	-0.23315627019583954	0.06779063814359415	335.264748343546	4.662085746654883
0.44116786700000005	0.0	0.8223684210526316	0.04652018297279917	-0.3989281411301138	0.04206912156494657	-0.23284801078781295	0.06277045588246152	346.0843025823202	15.793608984980942
0.447797025	0.0	0.8289473684210527	0.05582421956735903	-0.3988796489068348	0.04171679761030764	-0.23503184056588547	0.06896853159708562	352.98935079087784	19.893794958724037
0.454633844	0.0	0.8289473684210527	0.05582421956735903	-0.39920216113161044	0.043272305344764735	-0.23733443988281194	0.0664616197246548	388.19303361016523	24.40026784144973
0.45970541800000003	0.0	0.8223684210526316	0.04652018297279917	-0.4000623871991664	0.04278425671907474	-0.23959671172905378	0.06054212109951902	372.16805144153443	9.630901368984292
0.464770934	0.0	0.8223684210526316	0.04652018297279917	-0.39978989503988627	0.04333524624307236	-0.23915760761838933	0.05806797490245483	358.882934507414	12.817678098226018
0.472339451	0.0	0.8223684210526316	0.04652018297279917	-0.39937266473705035	0.04338215427707702	-0.23788047288668013	0.05247251836427908	349.5394997376248	8.225467662307384
0.477372367	0.0	0.8223684210526316	0.04652018297279917	-0.3994635595213254	0.042141555796699086	-0.23798187571465512	0.047762098553929114	372.84211823679095	47.09189727832136
0.48243008400000004	0.0	0.8223684210526316	0.04652018297279917	-0.3997628812954766	0.04210754375890805	-0.23772524600037856	0.054850578083375116	331.3078305383354	0.18688713798844805
0.48873693500000004	0.0	0.8223684210526316	0.04652018297279917	-0.39991289731564594	0.04235944313333345	-0.23470607300009386	0.055030104485965056	356.0960410236742	38.91622926548884
0.49558222300000004	0.0	0.8289473684210527	0.05582421956735903	-0.39956981679232695	0.041487219044445904	-0.23663609058973945	0.05199912174231043	388.1664439894888	27.304770936327188
0.5006068920000001	0.0	0.8289473684210527	0.03721614637823938	-0.3997977234614502	0.0413255128287942	-0.235934649964413	0.05323547131344937	354.57260016473424	1.0527146902607976
0.5057957710000001	0.0	0.8289473684210527	0.03721614637823938	-0.3993146742105792	0.04120092623328232	-0.23742450541788093	0.05205842807976568	375.3333281424831	42.97389788881404
0.512603468	0.0	0.8289473684210527	0.03721614637823938	-0.39956035568803605	0.04165253812574552	-0.23488465136827721	0.051065396619622054	371.28656171546885	7.683031801761236
0.519391217	0.0	0.8289473684210527	0.03721614637823938	-0.3993209120988771	0.04209417539479546	-0.23515931184092442	0.04979204974490876	343.9870057908788	38.8614666074813
0.5244112040000001	0.0	0.8289473684210527	0.03721614637823938	-0.3995802778222677	0.04171376540397493	-0.23400456255921404	0.05158154453547152	348.76394648770815	27.606434867083728
0.529494172	0.0	0.8355263157894737	0.046520182972799244	-0.400074710008986	0.04064477036890181	-0.23428237316492134	0.053925104494835716	365.8047908903987	21.457914593150136
0.5364021990000001	0.0	0.8289473684210527	0.03721614637823938	-0.40005275104597526	0.0408364478401052	-0.2328730677349105	0.053141018426835024	354.37079915909374	7.710898623535443
0.5431308650000001	0.0	0.8355263157894737	0.046520182972799244	-0.3990157055022753	0.041827629500639875	-0.23205761933835836	0.05275979788406764	377.64238908483617	10.088966268330347
0.548389039	0.0	0.8289473684210527	0.03721614637823938	-0.39827791230069254	0.04293802446311714	-0.23277372161346188	0.04935575686545115	375.0588320470745	24.87846696487484
0.5534731820000001	0.0	0.8289473684210527	0.03721614637823938	-0.39895755746298645	0.042873018041897755	-0.23343583046822933	0.051092284795168454	351.09611056978895	34.0362967393254
0.56036323	0.0	0.8289473684210527	0.03721614637823938	-0.39936950989441333	0.042576167923540575	-0.2315377220892071	0.05263875915987267	350.84507984974516	14.94455219377315
0.567183202	0.0	0.8355263157894737	0.046520182972799244	-0.39944594287795254	0.04260917851321006	-0.23563354092954397	0.05481874026143659	355.0693942470749	8.757415578868114
0.572207703	0.0	0.8289473684210527	0.05582421956735903	-0.399435256645852	0.0421970303830093	-0.23512520042646798	0.05452268512546992	337.7642917418817	7.009074575541255
0.578998676	0.0	0.8355263157894737	0.046520182972799244	-0.3991203067541311	0.042825014530769895	-0.23483490063795218	0.052770377927410544	358.52029348569215	0.03247205077087387
0.585729307	0.0	0.8355263157894737	0.046520182972799244	-0.3981655406629151	0.0438964585531471	-0.23452231883947117	0.0525311210148843	364.58849927847336	38.79566182704401
0.59090114	0.0	0.8355263157894737	0.046520182972799244	-0.39831697069916916	0.043315960401530226	-0.2355446768288047	0.05270481478324616	349.88594996595987	24.10045243650054
0.596521869	0.0	0.8355263157894737	0.046520182972799244	-0.39850536496347294	0.043693313037218164	-0.2365418787335855	0.051594642356760964	388.84928606082013	8.622446358699069
0.603570017	0.0	0.8355263157894737	0.046520182972799244	-0.39828592707681076	0.04430150423813396	-0.23853550231349455	0.052401387554208326	371.1655984761766	29.734846325727062
0.61038678	0.0	0.8355263157894737	0.046520182972799244	-0.3978773728628323	0.044836238835784574	-0.23839828095846882	0.05198122831620618	348.8687254293666	1.2525845800794242
0.616541043	0.0	0.8355263157894737	0.046520182972799244	-0.39807893143543494	0.044328652388408656	-0.2406781784374324	0.05354958451269757	377.58472975983034	2.803160971063011
0.621683673	0.0	0.8355263157894737	0.046520182972799244	-0.39776263101433484	0.044916242205313435	-0.2404672877602944	0.05135579924962855	346.45597307034393	32.98997041562811
0.6284985590000001	0.0	0.8355263157894737	0.046520182972799244	-0.39765188439897964	0.045482029456874816	-0.24051245864356235	0.05009332627536796	348.1775242517157	29.768902981771493
0.633591224	0.0	0.8355263157894737	0.046520182972799244	-0.3977525732683532	0.04480071447210191	-0.2398317510821857	0.04763014083943808	341.6752487672602	28.13123710832087
0.638734078	0.0	0.8355263157894737	0.046520182972799244	-0.3978871862236605	0.045115984501287856	-0.23929092023871243	0.04692281799787305	329.0144817078383	8.302607417242598
0.6439510660000001	0.0	0.8355263157894737	0.046520182972799244	-0.39810780836866033	0.04531893213548041	-0.2401310914822854	0.04850718948228881	367.84273684478103	16.771349202044863
0.650653932	0.0	0.8355263157894737	0.046520182972799244	-0.39802517409053534	0.04535126636763837	-0.2390390359323484	0.04624389739574749	367.50654116809915	28.1395117817816
0.65575457	0.0	0.8355263157894737	0.046520182972799244	-0.3979290490564497	0.04535394199045574	-0.2380527178028226	0.04651250212271066	346.4004385039436	11.771293330572599
0.660736749	0.0	0.8355263157894737	0.046520182972799244	-0.3978104401619674	0.04528845079328339	-0.23704281065480384	0.04684175146863711	335.825115351901	24.830160828355794
0.6683159510000001	0.0	0.8355263157894737	0.046520182972799244	-0.39762967193941734	0.04529272883542078	-0.23659499594261524	0.04534618045427315	334.5609830238036	3.765306490688667
0.676209983	0.0	0.8355263157894737	0.046520182972799244	-0.3972190644012485	0.04580681073120135	-0.2357874992387012	0.0459998025958083	337.12290261372823	8.146522844484503
0.6813770170000001	0.0	0.8355263157894737	0.046520182972799244	-0.39763044060994435	0.044871116440049624	-0.23617124666497588	0.0452161995602145	372.5487288979911	30.687369588454676
0.686396412	0.0	0.8355263157894737	0.046520182972799244	-0.39811491961019574	0.04449278037631246	-0.23728275318369318	0.04582849422265052	351.65482773562684	47.3339438296997
0.693355257	0.0	0.8355263157894737	0.046520182972799244	-0.39791760410887345	0.04540051972464715	-0.23739964990179696	0.04660194030387315	342.9465201685797	8.921316750336183
0.69991574	0.0	0.8355263157894737	0.046520182972799244	-0.3983387133595457	0.044819643097621355	-0.2373986620597683	0.046470856412954245	334.0291904999956	20.630102539895958
0.705204637	0.0	0.8355263157894737	0.046520182972799244	-0.3982366696440157	0.04430407093840608	-0.23668992924286936	0.04551899769314038	359.90230624670664	28.741987151107647
0.7101487630000001	0.0	0.8355263157894737	0.046520182972799244	-0.39816687068222617	0.04464916986738229	-0.23639349175638535	0.04371329518520803	378.48341896030735	25.727012294034516
0.717010292	0.0	0.8355263157894737	0.046520182972799244	-0.3982264909160472	0.043891731642700695	-0.23804532303470388	0.04215501634657213	367.08073607230585	50.33432357572814
0.722526807	0.0	0.8355263157894737	0.046520182972799244	-0.3978601447838336	0.04441829698153834	-0.2372877119395685	0.04127797115892117	333.81155529763043	0.6796243962507177
0.727357804	0.0	0.8355263157894737	0.046520182972799244	-0.39808448970105836	0.04387612844446262	-0.23787217834134144	0.043293103219941134	379.61939661046347	8.997447837997862
0.734203735	0.0	0.8355263157894737	0.046520182972799244	-0.3979508204712061	0.044073178028847415	-0.23772047149253167	0.043950601850247635	378.67550111916273	69.21370876040768
0.740941064	0.0	0.8355263157894737	0.046520182972799244	-0.39752467740558406	0.04469358607186812	-0.23760887309627085	0.04408470644754266	326.1286342946404	3.9632770712052863
0.7459763370000001	0.0	0.8355263157894737	0.046520182972799244	-0.39752096994101005	0.044409751238382804	-0.23701614422512737	0.04325367081457141	344.1774792535674	35.38171433976919
0.751623837	0.0	0.8355263157894737	0.046520182972799244	-0.3976088647139823	0.04450664685662439	-0.237357010274447	0.04241665686663305	345.8497234695615	4.237242233516174
0.7594091930000001	0.0	0.8355263157894737	0.046520182972799244	-0.39743435949262956	0.04456937720398049	-0.2358798124309865	0.041389792697857135	326.7710096360296	9.342128446743171
0.7670733430000001	0.0	0.8355263157894737	0.046520182972799244	-0.3972386772116918	0.04462876921073128	-0.23477726419872855	0.040178634795079805	330.5487391121685	17.075162712013128
0.772515531	0.0	0.8355263157894737	0.046520182972799244	-0.3970637847957873	0.04514895969244818	-0.2346992965465053	0.04044593959739139	345.9482506192783	15.4451225137346
0.777690128	0.0	0.8355263157894737	0.046520182972799244	-0.3971976583548539	0.0454652950324499	-0.23525329805535092	0.041485709029013544	356.15037070373876	16.303616310749227
0.786626491	0.0	0.8355263157894737	0.046520182972799244	-0.3969925049979227	0.04556264484490277	-0.2352684434641771	0.042238963837259814	371.21168665193056	6.080549611904624
0.7925774980000001	0.0	0.8355263157894737	0.046520182972799244	-0.3968386327536028	0.045693040933993914	-0.23513354256139138	0.04128380187104005	384.7147125536261	3.0174085252211937
0.797764643	0.0	0.8355263157894737	0.046520182972799244	-0.39658797297230075	0.04597038938374887	-0.2338101980240645	0.03977544857371025	349.13232146958205	2.690467928003767
0.8029999320000001	0.0	0.8355263157894737	0.046520182972799244	-0.3962793047456776	0.04644205390592371	-0.23312946117537336	0.03718353869029327	352.22035780855435	8.661206771658996
0.8099558720000001	0.0	0.8355263157894737	0.046520182972799244	-0.39617115163315175	0.046575730140354564	-0.23377656329824487	0.03691289133765664	350.9401678512658	1.1023739978572535
0.8151296100000001	0.0	0.8355263157894737	0.046520182972799244	-0.396161198473191	0.046537907935985244	-0.23369077773008043	0.038033254431343845	350.52733657340207	2.1789409766698298
0.8203474310000001	0.0	0.8355263157894737	0.046520182972799244	-0.39637365562098476	0.046463800756882695	-0.2336816640518253	0.03788344646582578	350.2236487279926	7.155708731454597
0.827296405	0.0	0.8355263157894737	0.046520182972799244	-0.39613549789583913	0.0470056490780488	-0.2337988045385258	0.03775919589949962	311.8144720629573	28.846031940844966
0.8348181960000001	0.0	0.8355263157894737	0.046520182972799244	-0.39654724052721463	0.046632791153940534	-0.23379140926928632	0.037554370261595194	357.5908145483204	20.893250182014015
0.8402116980000001	0.0	0.8355263157894737	0.046520182972799244	-0.3969677210307369	0.04578633495491545	-0.23343526540654172	0.03826917036156845	344.1712178440544	42.18520915901401
0.845274332	0.0	0.8289473684210527	0.03721614637823938	-0.39678848760032526	0.046057228583467065	-0.2333480261563417	0.039356166620245665	373.6485696087616	21.706594983392442
0.8518893460000001	0.0	0.8355263157894737	0.046520182972799244	-0.396564675873247	0.04634114788085756	-0.2325675521033876	0.03895757159971801	345.8333092071821	65.86563177146051
